""	"baseMean"	"log2FoldChange"	"lfcSE"	"stat"	"pvalue"	"padj"
"ENST00000219400"	3.47996094090789	-1.41182965406239	0.342395747569615	-4.12338548035074	3.73344117915918e-05	0.0246243049878339
"ENST00000229633"	47.3646489824248	-2.53027881580785	0.482755315850484	-5.24132771350262	1.59425287014917e-07	0.00045739991354918
"ENST00000233336"	2.6087821882326	-2.07849050838953	0.460984974571547	-4.50880315637476	6.51943616339721e-06	0.00857839574064615
"ENST00000251038"	2.74251802420646	-2.36777131255294	0.501615142940014	-4.7202947237103	2.35503167448611e-06	0.00423226898160148
"ENST00000260908"	3.20024555055315	-1.58768089167779	0.434510339407408	-3.6539542277477	0.000258232322859788	0.0813325329452514
"ENST00000286063"	1.83694550171241	-2.0145229882391	0.526714133528118	-3.82469894009699	0.000130931984547753	0.0570745006089769
"ENST00000291439"	1.29729490535604	-1.57788091640974	0.433399975994274	-3.6407037466716	0.000271893846895537	0.0830662891650555
"ENST00000296452"	1.8144827679813	-2.18313660542971	0.598095108800539	-3.65014957204368	0.000262087647938144	0.081704487062839
"ENST00000298875"	2.00546250616453	-1.64295673451635	0.446196289510546	-3.68213894454073	0.000231285292394965	0.0771708993577448
"ENST00000301215"	1.19361512549411	-1.74663475937003	0.464958041201017	-3.75654275138109	0.000172276852506899	0.0628755135079102
"ENST00000303924"	4.17781648173126	-1.93057945480435	0.505821528062881	-3.81672061724576	0.000135237154454972	0.0573837542465815
"ENST00000327134"	1.18852539184045	-2.10463884006474	0.479489845296121	-4.38932932722478	1.13700772724372e-05	0.0113483867326243
"ENST00000332029"	5.2674820746722	-2.18139395402287	0.555956377380709	-3.92367826465113	8.72071820072046e-05	0.0429720422177759
"ENST00000344519"	3.91470466118309	-1.39891312550331	0.333751179180018	-4.1914851924726	2.77134278605133e-05	0.0211668233641636
"ENST00000358763"	2.85871952967914	-2.16588151967199	0.540522907304002	-4.00701152606998	6.14918633508466e-05	0.0341570530405767
"ENST00000360128"	0.901725800878291	-1.97069765306686	0.550779180709871	-3.5780176921846	0.000346210021750386	0.0944380569151432
"ENST00000360835"	1.54139315958363	-1.37927434654511	0.367715642256895	-3.75092649874687	0.000176182345271176	0.0633240803574083
"ENST00000361335"	162.844757045313	-1.31692772704332	0.323775456403435	-4.06741061126752	4.75384348102253e-05	0.0287149067607478
"ENST00000361381"	649.942939629164	-1.15237405777653	0.3186701748628	-3.61619677232948	0.000298963152211218	0.0872845480728426
"ENST00000361479"	2.08160304347847	-1.56631306209042	0.442358560365941	-3.54082231571305	0.000398882103899436	0.0999149449471823
"ENST00000361558"	12.8796090482077	-2.80765660319699	0.500186160961546	-5.61322328030752	1.98592075798776e-08	0.000101119775128807
"ENST00000361567"	1028.22696011092	-1.14461269346329	0.311190973692721	-3.6781680390046	0.000234915179217383	0.0771708993577448
"ENST00000361624"	455.367885301617	-1.33614549171563	0.301188778480848	-4.43623928638694	9.15440860165159e-06	0.00992041351626268
"ENST00000361789"	347.531692136777	-1.1273102034686	0.318381825970191	-3.54074922471908	0.000398992611814875	0.0999149449471823
"ENST00000361899"	184.271315421579	-1.15884671681168	0.325724977589423	-3.55774594072552	0.000374050827971804	0.0968442952997168
"ENST00000362079"	263.305301829869	-1.34206007203879	0.317898783826099	-4.22165840298696	2.42511439693656e-05	0.0200242351191376
"ENST00000362482"	504.572582898865	-2.04238871022981	0.398025591194308	-5.1312999852634	2.87747886318921e-07	0.000732582139577447
"ENST00000362545"	7.03234292856905	-3.38153801396293	0.864628980582301	-3.91097001130539	9.19261867010304e-05	0.0445783639667172
"ENST00000363688"	78.6199274828481	-3.04391668390706	0.714132400130433	-4.26239823784932	2.02244605780541e-05	0.017163263753337
"ENST00000364228"	5.68290527290934	-1.7289571249952	0.430973661461932	-4.01174660913222	6.02711724331787e-05	0.0341093336433094
"ENST00000364315"	13.5250221611017	-2.23710207894502	0.542981986928094	-4.12003000615428	3.78823061251085e-05	0.0246243049878339
"ENST00000364451"	5.78229454760995	-2.82626450208503	0.539844364627109	-5.23533204618564	1.64688522439232e-07	0.00045739991354918
"ENST00000364952"	21.6385161109775	-3.29627613848498	0.499834473569291	-6.59473548302191	4.26014728262742e-11	4.33839198771835e-07
"ENST00000365668"	66.0490649895838	-1.32918935275852	0.289064911766744	-4.59823831482903	4.26078452911812e-06	0.00619862991186131
"ENST00000366847"	1.50658637614179	-2.02552568788973	0.530033617052112	-3.82150418902691	0.000132640160493515	0.0570745006089769
"ENST00000368756"	115.373754645543	-1.60919300840037	0.373309667556623	-4.31061166707205	1.62803590296586e-05	0.0146288602563265
"ENST00000379010"	27.7429344550837	-1.97774376652344	0.446428222200069	-4.43014950259374	9.41677823873581e-06	0.00992041351626268
"ENST00000387347"	544.603773292943	-2.1744934188721	0.415312299422599	-5.23580308576282	1.6426901649357e-07	0.00045739991354918
"ENST00000391860"	1.50523467845551	-2.12276623521787	0.587159909325143	-3.61531194740065	0.000299986172225082	0.0872845480728426
"ENST00000392097"	3.17626705403052	-1.58090255464954	0.375883889454727	-4.20582684972975	2.60129341334671e-05	0.0204558457036097
"ENST00000393067"	18.9696623340817	-1.41857752057003	0.374311413331165	-3.78983239636076	0.000150748965044323	0.0598120991047938
"ENST00000394480"	2.28181795072966	-2.83201301711123	0.696600940271306	-4.06547400870324	4.79349364930162e-05	0.0287149067607478
"ENST00000398004"	2.92540819796086	-1.40618177734859	0.335996432348472	-4.18510925107144	2.85028981229067e-05	0.0212388302573884
"ENST00000408749"	2.21487150845238	-2.15141193923532	0.547879764768788	-3.92679576356181	8.60850190874489e-05	0.0429720422177759
"ENST00000412203"	2.29139266437889	-2.56656369454276	0.566237495079689	-4.53266291413916	5.82447227966145e-06	0.00808833875526986
"ENST00000425562"	3.31609235391902	-1.21736181140044	0.330943169466151	-3.67846181374337	0.000234644813134927	0.0771708993577448
"ENST00000425673"	6.17740931024471	-1.46964690495877	0.307976215285131	-4.77194936497984	1.82451378734232e-06	0.00348379504481845
"ENST00000428647"	3.83628297487061	-1.24829131019162	0.350389740982403	-3.56257950558634	0.000367228639944394	0.0968442952997168
"ENST00000429684"	4.45319147860459	-2.04819883538402	0.552855930268633	-3.70476054112108	0.000211590524680093	0.0726326080842869
"ENST00000429989"	6.35196452531554	-1.51793891873054	0.420635936628806	-3.60867626027412	0.000307763381337437	0.087873636105047
"ENST00000436665"	5.75150440430875	-2.64909303712189	0.592186201242149	-4.47341230100473	7.6981139112697e-06	0.00886051348132678
"ENST00000436788"	1.02888209588243	-2.25833995482075	0.597753117838159	-3.77804797236071	0.000158062436033712	0.0611261453577967
"ENST00000447166"	1.347426063902	-1.89802747197586	0.520537540346117	-3.64628355279394	0.000266060383472809	0.0821051593482603
"ENST00000448901"	2.52923188678612	-1.24468936238359	0.327248064771408	-3.80350411927733	0.00014266362017039	0.0581135501310079
"ENST00000456464"	7.02906314861386	-2.45877198643613	0.588774419417528	-4.17608494076318	2.96569116379282e-05	0.0215725787488177
"ENST00000458420"	1.55292701160933	-2.0444126079129	0.558654538519962	-3.65952922056114	0.000252679030567717	0.0804124694049407
"ENST00000472357"	1.33140137807531	-1.52100011495188	0.427515381097158	-3.55776700021518	0.000374020848896494	0.0968442952997168
"ENST00000472694"	10.5674911828609	-3.19826284850486	0.807950319817664	-3.95848948884213	7.54252597465342e-05	0.0384052851752728
"ENST00000477648"	1.74768854995705	-1.58627511061951	0.425252573654632	-3.73019520372805	0.000191331477002029	0.0679693948126626
"ENST00000479944"	1.81189427813433	-1.8098401534176	0.492731045925488	-3.67307919479319	0.000239645171981647	0.0775714089731408
"ENST00000500487"	2.70842803380374	-2.27939949021275	0.616722539028465	-3.69598862691727	0.000219032777779742	0.0743518932660988
"ENST00000510505"	10.5483900290288	-1.29166130853376	0.297025115326683	-4.34866023741165	1.36971722511221e-05	0.0126806760437585
"ENST00000513886"	1.71971078860411	-2.74041458638879	0.667663033687423	-4.10448751558672	4.05212152149309e-05	0.0257909092923198
"ENST00000514057"	67.0242815374786	-1.30083961038889	0.341642548650962	-3.8076042212116	0.00014031960830424	0.057931139909498
"ENST00000515341"	6.5652738295709	-1.46108200113752	0.368330233987523	-3.96677184308204	7.28526719737714e-05	0.0377241013808592
"ENST00000521647"	11.3249417220829	-1.59313832614606	0.423240405401375	-3.76414516623296	0.000167119784684975	0.0622643480720813
"ENST00000523752"	11.18013687624	-1.8172008198143	0.500746828269404	-3.6289811881477	0.000284541972508874	0.0843984640982391
"ENST00000536621"	15.3484220823989	-2.29580082544944	0.46284553710452	-4.96018788430275	7.04250307669795e-07	0.00153682508211571
"ENST00000536684"	1386.29379961767	-2.32683589683583	0.32452816131196	-7.16990441578076	7.50501476841814e-13	1.14642853094971e-08
"ENST00000543500"	7.39520703351399	-2.92301865966442	0.625499564108792	-4.67309463888935	2.96694967181174e-06	0.0046782943300368
"ENST00000548445"	13.3307958386394	-1.38117295415233	0.38974273101545	-3.54380683522633	0.000394394088034093	0.0999149449471823
"ENST00000555162"	3.55903686818075	-1.62921946092372	0.43235682102762	-3.7682288833825	0.000164409920887712	0.0620109567042035
"ENST00000564116"	3.1103438259646	-2.52672867843203	0.565293684758543	-4.46976279155017	7.83063938973595e-06	0.00886051348132678
"ENST00000576204"	1.9897532578488	-2.10259061489706	0.551967022351252	-3.80926854278452	0.000139378512916685	0.057931139909498
"ENST00000576266"	4.66122260248546	-2.02335847864068	0.523885299504793	-3.86221655876444	0.000112362894437236	0.0528122890454156
"ENST00000580533"	100.888993756942	-1.12508948788077	0.270121436851548	-4.16512477126756	3.11182333283533e-05	0.0216066624185119
"ENST00000591258"	179.165693438943	-1.2006848604503	0.266713868312479	-4.5017713853694	6.73894464258151e-06	0.00857839574064615
"ENST00000592918"	12.5632851359999	-2.20950739787313	0.554019489064495	-3.98814020352254	6.65933053809999e-05	0.0355953612078724
"ENST00000600213"	1306.54520780448	-2.25237567935502	0.30806373546257	-7.31139507859627	2.64382924003753e-13	8.07716271123866e-09
"ENST00000604604"	3.24664256123272	-1.62473082152785	0.447034844772984	-3.63446125179108	0.000278562117129197	0.0834348160824911
"ENST00000609212"	3.24965172888465	-1.06078123313854	0.291582000374995	-3.63802028854423	0.000274741786996821	0.0831053102429692
"ENST00000611864"	1.81179916118379	-1.93498799182456	0.504560657992747	-3.83499577537885	0.000125566452682577	0.0564144219986091
"ENST00000612463"	13.4675388431452	-1.69075321318453	0.362311345651035	-4.66657540118273	3.06261289649229e-06	0.0046782943300368
"ENST00000618966"	10.256387698039	-2.20179677059634	0.413857524268374	-5.32018059714808	1.03664295420456e-07	0.000395880986173793
"ENST00000621650"	1.85805264426449	-1.80589661338333	0.419924131582055	-4.30053068533987	1.70389574464252e-05	0.0148730625413067
"ENST00000622156"	6.06525154413805	-1.98610601774267	0.560500281678394	-3.54345230977469	0.000394924730701826	0.0999149449471823
"ENST00000623664"	124.937621805535	-1.78566668527592	0.37416157028554	-4.77244812692333	1.81999992748643e-06	0.00348379504481845
"ENST00000624346"	26.1355260736109	-1.21859278640644	0.3424911784048	-3.55802678504657	0.0003736512188886	0.0968442952997168
"ENST00000624945"	6.78953341901715	-1.19409056840051	0.289657236713644	-4.12242615426518	3.749028133456e-05	0.0246243049878339
"ENST00000630918"	31.8659404468338	-2.71305391618139	0.448035275831782	-6.05544710992807	1.40028178550064e-09	8.55600176576604e-06
"ENST00000631211"	1118.89775109466	-2.44633534995732	0.390827507017497	-6.25937352420745	3.86527063039914e-10	2.9521970757331e-06
"ENST00000638356"	8.60287734865234	-2.40668523300285	0.640813302170647	-3.75567302496782	0.000172876276870297	0.0628755135079102
"ENST00000640084"	12.4020840028656	-2.02242531773588	0.46104928509609	-4.3865707704424	1.15151709833182e-05	0.0113483867326243
"ENST00000642217"	3.18788253147112	-1.24185730541868	0.345006766534943	-3.59951579469355	0.000318810269383276	0.0893575462378758
"ENST00000647020"	29.0984862872513	-3.1371121766512	0.842752433046239	-3.72245994628778	0.000197291213203898	0.0692809638458884
"ENST00000647800"	1.5220597603782	-2.60560936999404	0.709701924132487	-3.67141370397021	0.000241212525038407	0.0775714089731408
"ENST00000650098"	17.4323019678384	-1.66202435631852	0.4330379803445	-3.83805677967624	0.000124011810506839	0.0564144219986091
"ENST00000651312"	6.14706677082038	-2.41688008498242	0.539147620912029	-4.48277983846799	7.36769313742873e-06	0.00886051348132678
"ENST00000651830"	6.5648177500083	-2.32787921127559	0.496609325504625	-4.68754630998953	2.7650014572062e-06	0.0046782943300368
"ENST00000652328"	3.80427764753858	-2.52718230470714	0.601000514563118	-4.20495863725544	2.61129908166927e-05	0.0204558457036097
"ENST00000655630"	1.9030030841009	-1.94272625545766	0.513137796835341	-3.78597380165517	0.000153107805850672	0.0599691868787676
"ENST00000657488"	5.49687150766796	-1.656768090659	0.436356754459454	-3.7968200875253	0.00014656407941908	0.0589168314517408
"ENST00000658265"	6.41748383449664	-1.73186969084517	0.344350865689747	-5.02937516180241	4.92080756145525e-07	0.00115642762930784
"ENST00000661977"	2.24848988456783	-1.93291273351449	0.50577562847816	-3.82168025638261	0.000132545476306142	0.0570745006089769
"ENST00000666491"	2.10407904019143	-1.66250157741439	0.465922075799327	-3.5681966229272	0.000359446729216354	0.0968442952997168
"ENST00000670000"	1.43045461050492	-2.32056874415837	0.57746814384703	-4.01852252610679	5.85642111536978e-05	0.0341093336433094
"ENST00000671128"	1.9516844679288	-2.57245310642965	0.645588957272797	-3.98466094788335	6.75765425045531e-05	0.0355953612078724
"ENST00000672442"	2.38657432326592	-1.45433558032687	0.385853739673139	-3.76913693141566	0.000163813004989864	0.0620109567042035
"ENST00000675460"	1.50150316700305	-2.6544148486603	0.609552202869946	-4.35469650698096	1.33251400883161e-05	0.0126806760437585
"ENST00000681122"	3.28245768079206	-1.98221927940964	0.557066519511007	-3.55831702316203	0.000373238662873162	0.0968442952997168
"ENST00000688096"	4.81287011053553	-2.21811355325178	0.544018572338479	-4.07727542042757	4.55665061297776e-05	0.0284102516075681
"ENST00000688904"	1.19278961120239	-2.40519031442155	0.666197766439443	-3.61032479480727	0.000305813818832863	0.087873636105047
"ENST00000690268"	3.02671259952247	-1.63751054445907	0.408186251574552	-4.01167491100564	6.02894837072013e-05	0.0341093336433094
"ENST00000690366"	9.60867883914947	-4.38593704869894	0.821926890091526	-5.33616444670711	9.49333090738853e-08	0.000395880986173793
"ENST00000691049"	1.27000458757995	-3.34643627022574	0.802910935345019	-4.1678798019954	3.07445972306377e-05	0.0216066624185119
