""	"baseMean"	"log2FoldChange"	"lfcSE"	"stat"	"pvalue"	"padj"
"ENST00000229633"	47.3646489824248	2.35598704013682	0.460103119513807	5.12056306557192	3.04624719223863e-07	0.00106527264312585
"ENST00000231461"	99.1834070919959	1.104829060789	0.365667069292865	3.02140704911039	0.00251602875848731	0.0997918628755986
"ENST00000242351"	106.656820838744	1.09102386706249	0.344634858847156	3.16573857534926	0.00154689750170624	0.0935891838153486
"ENST00000248668"	35.4247263634721	1.24535442778204	0.371949775925918	3.34817899723664	0.000813444544139338	0.086200471844099
"ENST00000252242"	37.4674815954679	1.00616502424117	0.314412111695237	3.20014715341644	0.00137357438756153	0.0923728775635127
"ENST00000258301"	16.1584284455212	1.50007515683225	0.447203182101984	3.35434812825228	0.000795522088988641	0.086200471844099
"ENST00000263579"	29.0765630969117	1.22859857084549	0.393713542232182	3.12053927299497	0.00180520224879418	0.0954564565638404
"ENST00000289382"	54.4354796164208	1.1051238583037	0.353140100032688	3.12942047136931	0.00175151477922436	0.0954564565638404
"ENST00000290650"	25.8078107733917	1.08296058337678	0.352973927994015	3.0681036118768	0.00215421912064883	0.099531416966723
"ENST00000300060"	37.6042066624882	2.32973147043459	0.764208741170733	3.04855381118194	0.00229945726697211	0.0997184154934444
"ENST00000304658"	385.680373660521	1.19220518582457	0.382029897813679	3.12071173656157	0.00180414545152123	0.0954564565638404
"ENST00000307637"	34.1095819080795	1.2503451121282	0.414683567992914	3.01517882220393	0.0025682778549625	0.0997918628755986
"ENST00000309951"	159.304895147695	1.2247542224183	0.39037381162034	3.13738828261728	0.00170460221239924	0.0954564565638404
"ENST00000361227"	222.401884456539	1.0927882343453	0.302960047150122	3.60703744478825	0.000309712979835686	0.0660912106600641
"ENST00000363688"	78.6199274828481	2.08155419574439	0.680018500440271	3.06102583149827	0.00220580063337747	0.099531416966723
"ENST00000365668"	66.0490649895838	1.01823021803304	0.275667687255634	3.69368723686795	0.000221025628938735	0.0621208812145245
"ENST00000368748"	47.7487135917009	1.17505840995512	0.343515842504948	3.42068185672745	0.000624643574380756	0.0828012333226773
"ENST00000368756"	115.373754645543	1.77000463612461	0.355433832851537	4.97984286392886	6.36359205168316e-07	0.0011126740702368
"ENST00000369038"	165.878740833322	1.11853382282028	0.354859046583857	3.15205102867783	0.00162127937293365	0.0950034572670427
"ENST00000370397"	18.2123263158878	1.05465378712946	0.277402980484358	3.80188340185814	0.000143600307621081	0.0590788559706964
"ENST00000379010"	27.7429344550837	1.48500266643485	0.42608610759027	3.48521728350469	0.000491737556677633	0.0770857665046687
"ENST00000379303"	40.7383520573847	1.14201724117284	0.369097252448885	3.09408220623641	0.0019742277545059	0.0979272972696048
"ENST00000379433"	15.7718099106763	1.28115395633958	0.418474173005123	3.06148871061606	0.00220239297072335	0.099531416966723
"ENST00000380871"	28.0205780242242	1.20802460204259	0.365388473622939	3.30613768426972	0.000945915949402332	0.0862454619551654
"ENST00000381842"	28.8023536046787	1.6159953690618	0.491323228453945	3.2890677164743	0.00100519836146311	0.0862454619551654
"ENST00000387347"	544.603773292943	1.8339737993678	0.395253640845052	4.63999217172743	3.48422376449572e-06	0.00406144350148051
"ENST00000389262"	18.6175081088679	1.67832295896331	0.481943319684179	3.48240735043931	0.000496927143705269	0.0770857665046687
"ENST00000391754"	71.7104906652781	1.07179648400173	0.355153452871226	3.01784052875406	0.00254582835179389	0.0997918628755986
"ENST00000391761"	17.0528646601912	2.17269694429624	0.608859049023248	3.56847278164258	0.000359068146931679	0.0692487041976063
"ENST00000392619"	50.0632400166707	1.3663391781655	0.416782772384831	3.27830051695108	0.00104434149126624	0.0862454619551654
"ENST00000396077"	140.087881121331	1.08151558796514	0.3465682976502	3.12064200706766	0.00180457266132762	0.0954564565638404
"ENST00000396978"	30.8019763658829	1.25698607522781	0.385351667947566	3.2619193837221	0.00110660608976581	0.0879500339979782
"ENST00000398146"	101.575837436807	1.56960664491441	0.314249454866772	4.99477921315679	5.89031152495578e-07	0.0011126740702368
"ENST00000399799"	73.8871918733017	1.03599044569511	0.33874139516822	3.05835206583073	0.00222557934180066	0.0997184154934444
"ENST00000399808"	67.5093001269034	2.32988810332139	0.646246837981073	3.6052603531495	0.000311840141804706	0.0660912106600641
"ENST00000401529"	23.4638555482524	1.17804810845877	0.389275551276548	3.02625763317425	0.00247601233250636	0.0997918628755986
"ENST00000401827"	23.5362967395005	1.28123986010737	0.358347346651081	3.57541327452579	0.000349675080326532	0.0692487041976063
"ENST00000409817"	20.1590340262038	2.00353267329617	0.582805308814663	3.43773922953971	0.00058659230602153	0.0828012333226773
"ENST00000419542"	25.2968844019944	1.8023246154279	0.490135770762287	3.677194612066	0.000235813131766724	0.0621208812145245
"ENST00000425534"	56.8676757242553	1.27816183840752	0.402816417123584	3.17306292413445	0.00150839828730339	0.0935891838153486
"ENST00000426077"	143.73561668865	1.42958825142603	0.370046504687821	3.8632664633113	0.000111880851540999	0.0560587435354348
"ENST00000427908"	41.7866120178882	1.52713023031056	0.403987855223197	3.78013895855074	0.000156740855424417	0.0609025301576874
"ENST00000438005"	19.9496348653091	1.41178427839247	0.440808610589544	3.20271483922316	0.00136138712585322	0.0923728775635127
"ENST00000438382"	201.856557245331	1.03944755503979	0.341676071957229	3.04220178218951	0.00234854401804694	0.0997184154934444
"ENST00000439501"	16.9802032136398	1.21995907146909	0.377959424685512	3.2277514245985	0.00124767342285455	0.0908982074942159
"ENST00000442435"	62.2493601055382	1.05271080868722	0.291700343633174	3.60887750619537	0.000307524765162321	0.0660912106600641
"ENST00000444115"	24.3222197506831	3.07352426173002	0.949614271238099	3.23660285530754	0.00120961625899193	0.090667257298302
"ENST00000447012"	60.0435494043445	1.3324133779993	0.403380690453759	3.30311640971331	0.000956166859796049	0.0862454619551654
"ENST00000461454"	16.7142761638319	1.21706979385353	0.348282986864225	3.49448534598676	0.000474976683629249	0.0770857665046687
"ENST00000463108"	16.1389275857739	2.55620005118378	0.812693272348493	3.14534417615758	0.00165891541308678	0.095102085238762
"ENST00000464569"	65.5096884741355	1.25021783309351	0.395358616600769	3.16223747402469	0.00156561831661364	0.0935891838153486
"ENST00000468249"	73.6413698752384	1.0264601686209	0.334644741762764	3.06731300546948	0.00215992554139783	0.099531416966723
"ENST00000469963"	14.8446582167411	1.30757042240563	0.389968403440546	3.35301632355191	0.00079935992008167	0.086200471844099
"ENST00000474381"	99.7615235182513	1.05521393884952	0.349424566505348	3.01986191011951	0.00252889957255635	0.0997918628755986
"ENST00000476284"	40.083141222296	1.19296053497538	0.387300615043105	3.08019272017579	0.0020686669120187	0.0990976464565672
"ENST00000477801"	99.8697949325135	1.17478630668332	0.304148556736904	3.8625411190083	0.00011221367021677	0.0560587435354348
"ENST00000480825"	1280.02832145288	1.14384546477597	0.348289301049868	3.28418203294792	0.00102278837521876	0.0862454619551654
"ENST00000485551"	22.5525181405056	1.34064994376026	0.387280316542582	3.46170431724705	0.000536766517402488	0.0782113546398542
"ENST00000489551"	298.105214011501	1.13287521719506	0.355983612767856	3.18238024606437	0.00146069907713436	0.0931607673731736
"ENST00000489652"	50.1992956972312	1.16364795371818	0.365755994311541	3.18148703456932	0.00146521081084488	0.0931607673731736
"ENST00000492630"	51.5529198772513	1.01312701922331	0.333053309487011	3.04193650194857	0.00235061475201663	0.0997184154934444
"ENST00000493143"	18.9525776638415	1.21656628195867	0.384578187538324	3.16337827099836	0.00155949554597258	0.0935891838153486
"ENST00000495827"	29.0739929036864	1.1898294387898	0.393873026676366	3.02084519173598	0.00252070201087487	0.0997918628755986
"ENST00000498007"	116.050237669988	1.05629092308063	0.327149789712562	3.22876846110371	0.00124324507657294	0.0908982074942159
"ENST00000502532"	17.2944501197119	2.11314559027131	0.498750768172768	4.23687686339426	2.26650351842748e-05	0.0176132506754242
"ENST00000505635"	23.4945184069266	1.82053223401284	0.49881697450925	3.64969984392358	0.000262546915087648	0.0629945253957709
"ENST00000508794"	147.342160073857	1.31543377942309	0.392390163218952	3.3523617631798	0.000801252442859479	0.086200471844099
"ENST00000515010"	54.0930640050844	2.06824822015584	0.59539264052485	3.47375509769929	0.000513229240854332	0.0770857665046687
"ENST00000519504"	15.1709299096973	1.70827149705203	0.421846907492725	4.04950579632137	5.13259066774848e-05	0.0358973391302329
"ENST00000520106"	16.6408192481692	1.46554909386441	0.415883803136715	3.52393885698557	0.000425182350316054	0.076249368156679
"ENST00000522002"	21.8240092421041	1.37329449334264	0.37703999813092	3.64230453042225	0.000270208144391354	0.0629945253957709
"ENST00000525750"	19.0761398161997	1.47337787281953	0.467662524086086	3.15051516197247	0.00162982796912435	0.0950034572670427
"ENST00000526007"	27.2030234745749	1.38643616870747	0.455647546425509	3.04278203533383	0.00234402047874068	0.0997184154934444
"ENST00000526980"	307.279393248659	1.18117411131042	0.350955737582223	3.3655928221823	0.000763793640589052	0.086200471844099
"ENST00000527160"	40.057188945395	1.14114364185777	0.334708404511855	3.40936656049026	0.000651139238311017	0.0828012333226773
"ENST00000527741"	45.2676765117183	1.0270456668608	0.323087099231084	3.1788507473838	0.00147860205451697	0.093165250173799
"ENST00000531912"	31.5133254764172	1.39189567673125	0.417803206177554	3.33146241137206	0.000863909662815894	0.0862454619551654
"ENST00000533190"	31.9670764339448	1.0984677119081	0.350579042490134	3.1332954306275	0.001728553637993	0.0954564565638404
"ENST00000536621"	15.3484220823989	1.65494964736602	0.442802749607813	3.73744212029351	0.00018590186638551	0.0619141739762027
"ENST00000539154"	49.7117784682036	1.30997431966259	0.36836252353223	3.55620953809644	0.000376244031957255	0.0692487041976063
"ENST00000545075"	38.2461835726382	2.52165850621242	0.575854528444298	4.37898528474685	1.19233181797145e-05	0.0119130981927033
"ENST00000545968"	18.0573525462427	1.31298293760549	0.420877982220862	3.11962847445053	0.00181079275028799	0.0954564565638404
"ENST00000561175"	18.6849389823854	1.32451509689152	0.436537552602455	3.03413781699951	0.0024122420556659	0.0997918628755986
"ENST00000562408"	15.6390356484161	1.4340010581325	0.420311259202257	3.41175980118687	0.000645449613851383	0.0828012333226773
"ENST00000570798"	73.5213909447395	1.10893169712201	0.359442696960922	3.08514182232105	0.002034551132261	0.0990976464565672
"ENST00000572950"	23.2306178524148	1.24440829802577	0.379412716209612	3.27982759897346	0.00103870538716109	0.0862454619551654
"ENST00000574703"	34.8469183292691	1.08949804539403	0.349933111962491	3.11344656492757	0.00184915991285209	0.0958001809665744
"ENST00000575231"	18.5831410400774	1.26446073340075	0.410396560661305	3.08107049280145	0.00206257811234686	0.0990976464565672
"ENST00000586020"	20.0331658941377	1.07876076045305	0.345186298230212	3.12515521613664	0.00177711261929026	0.0954564565638404
"ENST00000598234"	373.991643963712	1.05319437567518	0.332423732621454	3.16822859598446	0.00153370874448727	0.0935891838153486
"ENST00000600213"	1306.54520780448	1.15212649975343	0.29319583570854	3.92954591926311	8.51064237620515e-05	0.0496028606493157
"ENST00000606034"	66.318670090501	1.03381283317657	0.297809596665428	3.47138858099995	0.000517774151393433	0.0770857665046687
"ENST00000619149"	26.4746099352247	1.03377227768977	0.276043322111255	3.74496390560437	0.000180419712381516	0.0619141739762027
"ENST00000623664"	124.937621805535	1.35734335261489	0.356379245413203	3.80870482802983	0.000139696599204043	0.0590788559706964
"ENST00000624864"	22.8221801756178	1.07373545340406	0.334331561824586	3.2115886622975	0.00132003230785729	0.0919303631232483
"ENST00000630918"	31.8659404468338	2.08411591487254	0.427882260359351	4.87076962041432	1.11164394673964e-06	0.0015549675526994
"ENST00000631211"	1118.89775109466	2.01594532879664	0.371923391798609	5.42032411311264	5.94910783629794e-08	0.000416080602070678
"ENST00000644817"	47.1916572107512	1.16644219084765	0.383927436184126	3.03818399237361	0.00238008586153242	0.0997184154934444
"ENST00000647020"	29.0984862872513	3.08114176762294	0.802828776660604	3.83785666034427	0.000124112891479525	0.0578697042005198
"ENST00000650098"	17.4323019678384	1.64708658319551	0.413266881172252	3.98552765351889	6.73303348023072e-05	0.0428098510552124
"ENST00000650933"	39.2085891011348	1.24469597743979	0.36963280246579	3.36738506197644	0.000758846510986811	0.086200471844099
"ENST00000651323"	15.8909914231016	1.38956246133097	0.427472845154797	3.25064498735068	0.00115143540571536	0.0884960354678373
"ENST00000651385"	16.680513463446	1.34410282043989	0.399383204586354	3.36544653106279	0.000764198767830546	0.086200471844099
"ENST00000651641"	92.1398843648863	1.09778501932314	0.298936569267185	3.67230085637984	0.00024037645433228	0.0621208812145245
"ENST00000655086"	53.287999547129	1.01812760228291	0.311287644555638	3.27069711917504	0.00107282745068622	0.0862454619551654
"ENST00000664551"	99.3077226789354	1.18923836902103	0.359759633712105	3.3056470420267	0.000947573700331066	0.0862454619551654
"ENST00000664890"	65.4898668603853	1.11763293103322	0.356365038828221	3.13620251500585	0.00171150974222325	0.0954564565638404
"ENST00000672116"	164.474112645999	1.56211904145078	0.425552468061389	3.67080244785569	0.000241790172013363	0.0621208812145245
"ENST00000677722"	24.9673003857376	1.71857260507929	0.512185376545058	3.35537226125413	0.000792582507224498	0.086200471844099
"ENST00000680209"	22.6600586634671	1.51829520697421	0.466562933227092	3.25421309505357	0.00113706950958484	0.0883629350004039
"ENST00000680576"	28.4591888550748	2.43003045906733	0.756256934112482	3.21323395456748	0.00131249330587334	0.0919303631232483
"ENST00000680586"	58.1589290598419	1.20815919864607	0.387406616431133	3.11858173661532	0.00181723729827171	0.0954564565638404
"ENST00000681448"	253.232952822722	1.15940902398249	0.351602917580248	3.2974954586885	0.000975512521445497	0.0862454619551654
